11
0,83,93,129,133,139,151,169,135,114,110
83,0,40,53,62,64,91,116,93,84,95
93,40,0,42,42,49,59,81,54,44,58
129,53,42,0,11,11,46,72,65,70,88
133,62,42,11,0,9,35,61,55,62,82
139,64,49,11,9,0,39,65,63,71,90
151,91,59,46,35,39,0,26,34,52,71
169,116,81,72,61,65,26,0,37,59,75
135,93,54,65,55,63,34,37,0,22,39
114,84,44,70,62,71,52,59,22,0,20
110,95,58,88,82,90,71,75,39,20,0
1
5